{
 "cells": [
  {
   "cell_type": "code",
   "execution_count": 1,
   "id": "1e9b2ab9-e7b4-474f-92d4-bc8af5bb1a5d",
   "metadata": {},
   "outputs": [],
   "source": [
    "import pandas as pd\n",
    "import numpy as np\n",
    "import matplotlib.pyplot as plt\n",
    "import seaborn as sns"
   ]
  },
  {
   "cell_type": "code",
   "execution_count": 2,
   "id": "940e7663-15c0-406c-b1c9-c6b8b881fa19",
   "metadata": {},
   "outputs": [],
   "source": [
    "df = pd.read_csv(\"/home/hp/DBDA/ML/machine-learning/Assignments/glass.csv\")"
   ]
  },
  {
   "cell_type": "code",
   "execution_count": 3,
   "id": "1a24328f-1b35-4e5f-abf1-663597d071bb",
   "metadata": {},
   "outputs": [
    {
     "data": {
      "text/html": [
       "<div>\n",
       "<style scoped>\n",
       "    .dataframe tbody tr th:only-of-type {\n",
       "        vertical-align: middle;\n",
       "    }\n",
       "\n",
       "    .dataframe tbody tr th {\n",
       "        vertical-align: top;\n",
       "    }\n",
       "\n",
       "    .dataframe thead th {\n",
       "        text-align: right;\n",
       "    }\n",
       "</style>\n",
       "<table border=\"1\" class=\"dataframe\">\n",
       "  <thead>\n",
       "    <tr style=\"text-align: right;\">\n",
       "      <th></th>\n",
       "      <th>RI</th>\n",
       "      <th>Na</th>\n",
       "      <th>Mg</th>\n",
       "      <th>Al</th>\n",
       "      <th>Si</th>\n",
       "      <th>K</th>\n",
       "      <th>Ca</th>\n",
       "      <th>Ba</th>\n",
       "      <th>Fe</th>\n",
       "      <th>Type</th>\n",
       "    </tr>\n",
       "  </thead>\n",
       "  <tbody>\n",
       "    <tr>\n",
       "      <th>0</th>\n",
       "      <td>1.52101</td>\n",
       "      <td>13.64</td>\n",
       "      <td>4.49</td>\n",
       "      <td>1.10</td>\n",
       "      <td>71.78</td>\n",
       "      <td>0.06</td>\n",
       "      <td>8.75</td>\n",
       "      <td>0.0</td>\n",
       "      <td>0.0</td>\n",
       "      <td>1</td>\n",
       "    </tr>\n",
       "    <tr>\n",
       "      <th>1</th>\n",
       "      <td>1.51761</td>\n",
       "      <td>13.89</td>\n",
       "      <td>3.60</td>\n",
       "      <td>1.36</td>\n",
       "      <td>72.73</td>\n",
       "      <td>0.48</td>\n",
       "      <td>7.83</td>\n",
       "      <td>0.0</td>\n",
       "      <td>0.0</td>\n",
       "      <td>1</td>\n",
       "    </tr>\n",
       "    <tr>\n",
       "      <th>2</th>\n",
       "      <td>1.51618</td>\n",
       "      <td>13.53</td>\n",
       "      <td>3.55</td>\n",
       "      <td>1.54</td>\n",
       "      <td>72.99</td>\n",
       "      <td>0.39</td>\n",
       "      <td>7.78</td>\n",
       "      <td>0.0</td>\n",
       "      <td>0.0</td>\n",
       "      <td>1</td>\n",
       "    </tr>\n",
       "    <tr>\n",
       "      <th>3</th>\n",
       "      <td>1.51766</td>\n",
       "      <td>13.21</td>\n",
       "      <td>3.69</td>\n",
       "      <td>1.29</td>\n",
       "      <td>72.61</td>\n",
       "      <td>0.57</td>\n",
       "      <td>8.22</td>\n",
       "      <td>0.0</td>\n",
       "      <td>0.0</td>\n",
       "      <td>1</td>\n",
       "    </tr>\n",
       "    <tr>\n",
       "      <th>4</th>\n",
       "      <td>1.51742</td>\n",
       "      <td>13.27</td>\n",
       "      <td>3.62</td>\n",
       "      <td>1.24</td>\n",
       "      <td>73.08</td>\n",
       "      <td>0.55</td>\n",
       "      <td>8.07</td>\n",
       "      <td>0.0</td>\n",
       "      <td>0.0</td>\n",
       "      <td>1</td>\n",
       "    </tr>\n",
       "  </tbody>\n",
       "</table>\n",
       "</div>"
      ],
      "text/plain": [
       "        RI     Na    Mg    Al     Si     K    Ca   Ba   Fe  Type\n",
       "0  1.52101  13.64  4.49  1.10  71.78  0.06  8.75  0.0  0.0     1\n",
       "1  1.51761  13.89  3.60  1.36  72.73  0.48  7.83  0.0  0.0     1\n",
       "2  1.51618  13.53  3.55  1.54  72.99  0.39  7.78  0.0  0.0     1\n",
       "3  1.51766  13.21  3.69  1.29  72.61  0.57  8.22  0.0  0.0     1\n",
       "4  1.51742  13.27  3.62  1.24  73.08  0.55  8.07  0.0  0.0     1"
      ]
     },
     "execution_count": 3,
     "metadata": {},
     "output_type": "execute_result"
    }
   ],
   "source": [
    "df.head()"
   ]
  },
  {
   "cell_type": "code",
   "execution_count": 4,
   "id": "becc6ae5-f899-4e58-a26d-f6c3557b2bd8",
   "metadata": {},
   "outputs": [
    {
     "data": {
      "text/plain": [
       "RI      False\n",
       "Na      False\n",
       "Mg      False\n",
       "Al      False\n",
       "Si      False\n",
       "K       False\n",
       "Ca      False\n",
       "Ba      False\n",
       "Fe      False\n",
       "Type    False\n",
       "dtype: bool"
      ]
     },
     "execution_count": 4,
     "metadata": {},
     "output_type": "execute_result"
    }
   ],
   "source": [
    "df.isna().any()"
   ]
  },
  {
   "cell_type": "code",
   "execution_count": 5,
   "id": "f42c9950-3149-4651-b0c1-a413eee36ec2",
   "metadata": {},
   "outputs": [
    {
     "data": {
      "text/html": [
       "<div>\n",
       "<style scoped>\n",
       "    .dataframe tbody tr th:only-of-type {\n",
       "        vertical-align: middle;\n",
       "    }\n",
       "\n",
       "    .dataframe tbody tr th {\n",
       "        vertical-align: top;\n",
       "    }\n",
       "\n",
       "    .dataframe thead th {\n",
       "        text-align: right;\n",
       "    }\n",
       "</style>\n",
       "<table border=\"1\" class=\"dataframe\">\n",
       "  <thead>\n",
       "    <tr style=\"text-align: right;\">\n",
       "      <th></th>\n",
       "      <th>RI</th>\n",
       "      <th>Na</th>\n",
       "      <th>Mg</th>\n",
       "      <th>Al</th>\n",
       "      <th>Si</th>\n",
       "      <th>K</th>\n",
       "      <th>Ca</th>\n",
       "      <th>Ba</th>\n",
       "      <th>Fe</th>\n",
       "      <th>Type</th>\n",
       "    </tr>\n",
       "  </thead>\n",
       "  <tbody>\n",
       "    <tr>\n",
       "      <th>RI</th>\n",
       "      <td>1.000000</td>\n",
       "      <td>-0.191885</td>\n",
       "      <td>-0.122274</td>\n",
       "      <td>-0.407326</td>\n",
       "      <td>-0.542052</td>\n",
       "      <td>-0.289833</td>\n",
       "      <td>0.810403</td>\n",
       "      <td>-0.000386</td>\n",
       "      <td>0.143010</td>\n",
       "      <td>-0.164237</td>\n",
       "    </tr>\n",
       "    <tr>\n",
       "      <th>Na</th>\n",
       "      <td>-0.191885</td>\n",
       "      <td>1.000000</td>\n",
       "      <td>-0.273732</td>\n",
       "      <td>0.156794</td>\n",
       "      <td>-0.069809</td>\n",
       "      <td>-0.266087</td>\n",
       "      <td>-0.275442</td>\n",
       "      <td>0.326603</td>\n",
       "      <td>-0.241346</td>\n",
       "      <td>0.502898</td>\n",
       "    </tr>\n",
       "    <tr>\n",
       "      <th>Mg</th>\n",
       "      <td>-0.122274</td>\n",
       "      <td>-0.273732</td>\n",
       "      <td>1.000000</td>\n",
       "      <td>-0.481799</td>\n",
       "      <td>-0.165927</td>\n",
       "      <td>0.005396</td>\n",
       "      <td>-0.443750</td>\n",
       "      <td>-0.492262</td>\n",
       "      <td>0.083060</td>\n",
       "      <td>-0.744993</td>\n",
       "    </tr>\n",
       "    <tr>\n",
       "      <th>Al</th>\n",
       "      <td>-0.407326</td>\n",
       "      <td>0.156794</td>\n",
       "      <td>-0.481799</td>\n",
       "      <td>1.000000</td>\n",
       "      <td>-0.005524</td>\n",
       "      <td>0.325958</td>\n",
       "      <td>-0.259592</td>\n",
       "      <td>0.479404</td>\n",
       "      <td>-0.074402</td>\n",
       "      <td>0.598829</td>\n",
       "    </tr>\n",
       "    <tr>\n",
       "      <th>Si</th>\n",
       "      <td>-0.542052</td>\n",
       "      <td>-0.069809</td>\n",
       "      <td>-0.165927</td>\n",
       "      <td>-0.005524</td>\n",
       "      <td>1.000000</td>\n",
       "      <td>-0.193331</td>\n",
       "      <td>-0.208732</td>\n",
       "      <td>-0.102151</td>\n",
       "      <td>-0.094201</td>\n",
       "      <td>0.151565</td>\n",
       "    </tr>\n",
       "    <tr>\n",
       "      <th>K</th>\n",
       "      <td>-0.289833</td>\n",
       "      <td>-0.266087</td>\n",
       "      <td>0.005396</td>\n",
       "      <td>0.325958</td>\n",
       "      <td>-0.193331</td>\n",
       "      <td>1.000000</td>\n",
       "      <td>-0.317836</td>\n",
       "      <td>-0.042618</td>\n",
       "      <td>-0.007719</td>\n",
       "      <td>-0.010054</td>\n",
       "    </tr>\n",
       "    <tr>\n",
       "      <th>Ca</th>\n",
       "      <td>0.810403</td>\n",
       "      <td>-0.275442</td>\n",
       "      <td>-0.443750</td>\n",
       "      <td>-0.259592</td>\n",
       "      <td>-0.208732</td>\n",
       "      <td>-0.317836</td>\n",
       "      <td>1.000000</td>\n",
       "      <td>-0.112841</td>\n",
       "      <td>0.124968</td>\n",
       "      <td>0.000952</td>\n",
       "    </tr>\n",
       "    <tr>\n",
       "      <th>Ba</th>\n",
       "      <td>-0.000386</td>\n",
       "      <td>0.326603</td>\n",
       "      <td>-0.492262</td>\n",
       "      <td>0.479404</td>\n",
       "      <td>-0.102151</td>\n",
       "      <td>-0.042618</td>\n",
       "      <td>-0.112841</td>\n",
       "      <td>1.000000</td>\n",
       "      <td>-0.058692</td>\n",
       "      <td>0.575161</td>\n",
       "    </tr>\n",
       "    <tr>\n",
       "      <th>Fe</th>\n",
       "      <td>0.143010</td>\n",
       "      <td>-0.241346</td>\n",
       "      <td>0.083060</td>\n",
       "      <td>-0.074402</td>\n",
       "      <td>-0.094201</td>\n",
       "      <td>-0.007719</td>\n",
       "      <td>0.124968</td>\n",
       "      <td>-0.058692</td>\n",
       "      <td>1.000000</td>\n",
       "      <td>-0.188278</td>\n",
       "    </tr>\n",
       "    <tr>\n",
       "      <th>Type</th>\n",
       "      <td>-0.164237</td>\n",
       "      <td>0.502898</td>\n",
       "      <td>-0.744993</td>\n",
       "      <td>0.598829</td>\n",
       "      <td>0.151565</td>\n",
       "      <td>-0.010054</td>\n",
       "      <td>0.000952</td>\n",
       "      <td>0.575161</td>\n",
       "      <td>-0.188278</td>\n",
       "      <td>1.000000</td>\n",
       "    </tr>\n",
       "  </tbody>\n",
       "</table>\n",
       "</div>"
      ],
      "text/plain": [
       "            RI        Na        Mg        Al        Si         K        Ca  \\\n",
       "RI    1.000000 -0.191885 -0.122274 -0.407326 -0.542052 -0.289833  0.810403   \n",
       "Na   -0.191885  1.000000 -0.273732  0.156794 -0.069809 -0.266087 -0.275442   \n",
       "Mg   -0.122274 -0.273732  1.000000 -0.481799 -0.165927  0.005396 -0.443750   \n",
       "Al   -0.407326  0.156794 -0.481799  1.000000 -0.005524  0.325958 -0.259592   \n",
       "Si   -0.542052 -0.069809 -0.165927 -0.005524  1.000000 -0.193331 -0.208732   \n",
       "K    -0.289833 -0.266087  0.005396  0.325958 -0.193331  1.000000 -0.317836   \n",
       "Ca    0.810403 -0.275442 -0.443750 -0.259592 -0.208732 -0.317836  1.000000   \n",
       "Ba   -0.000386  0.326603 -0.492262  0.479404 -0.102151 -0.042618 -0.112841   \n",
       "Fe    0.143010 -0.241346  0.083060 -0.074402 -0.094201 -0.007719  0.124968   \n",
       "Type -0.164237  0.502898 -0.744993  0.598829  0.151565 -0.010054  0.000952   \n",
       "\n",
       "            Ba        Fe      Type  \n",
       "RI   -0.000386  0.143010 -0.164237  \n",
       "Na    0.326603 -0.241346  0.502898  \n",
       "Mg   -0.492262  0.083060 -0.744993  \n",
       "Al    0.479404 -0.074402  0.598829  \n",
       "Si   -0.102151 -0.094201  0.151565  \n",
       "K    -0.042618 -0.007719 -0.010054  \n",
       "Ca   -0.112841  0.124968  0.000952  \n",
       "Ba    1.000000 -0.058692  0.575161  \n",
       "Fe   -0.058692  1.000000 -0.188278  \n",
       "Type  0.575161 -0.188278  1.000000  "
      ]
     },
     "execution_count": 5,
     "metadata": {},
     "output_type": "execute_result"
    }
   ],
   "source": [
    "df.corr()"
   ]
  },
  {
   "cell_type": "code",
   "execution_count": 6,
   "id": "a69d6be5-8199-40f9-8291-a3029c9c63a1",
   "metadata": {},
   "outputs": [],
   "source": [
    "x = df[['Al','Na','Mg','Si','RI','Ba']]\n",
    "y = df['Type']"
   ]
  },
  {
   "cell_type": "code",
   "execution_count": 7,
   "id": "0817b015-ced8-4466-9d1b-8d9b010e02f0",
   "metadata": {},
   "outputs": [],
   "source": [
    "from sklearn.model_selection import train_test_split\n",
    "x_train, x_test, y_train, y_test = train_test_split(x,y, train_size=0.7, random_state=123456)"
   ]
  },
  {
   "cell_type": "code",
   "execution_count": 8,
   "id": "eb8877b4-d909-4b76-85b3-001674bed831",
   "metadata": {},
   "outputs": [],
   "source": [
    "def DT_Model():\n",
    "    from sklearn.tree import DecisionTreeClassifier\n",
    "    model = DecisionTreeClassifier(max_depth=5)\n",
    "    model.fit(x_train,y_train)\n",
    "    return model"
   ]
  },
  {
   "cell_type": "code",
   "execution_count": 9,
   "id": "0837d1a9-c5c0-4824-b6a8-541c10e4f263",
   "metadata": {},
   "outputs": [],
   "source": [
    "def RF_Model():\n",
    "    from sklearn.ensemble import RandomForestClassifier\n",
    "    model = RandomForestClassifier(n_estimators=1000)\n",
    "    model.fit(x_train, y_train)\n",
    "    return model"
   ]
  },
  {
   "cell_type": "code",
   "execution_count": 10,
   "id": "2f88f7bf-f902-45e1-bc84-6db5da492666",
   "metadata": {},
   "outputs": [],
   "source": [
    "models = [\n",
    "    (DT_Model(), 'Decision Tree'),\n",
    "    (RF_Model(), 'Random Forest')\n",
    "]"
   ]
  },
  {
   "cell_type": "code",
   "execution_count": 17,
   "id": "2c5a9f2c-5991-4cf4-b297-00d85bbcc312",
   "metadata": {},
   "outputs": [],
   "source": [
    "def evaluate_model(model, model_name):\n",
    "    from sklearn.metrics import accuracy_score, precision_score, recall_score, f1_score\n",
    "\n",
    "    y_pred = model.predict(x_test)\n",
    "    y_true = y_test\n",
    "    accuracy = accuracy_score(y_true, y_pred)\n",
    "    precision = precision_score(y_true, y_pred, average='macro')\n",
    "    recall = recall_score(y_true, y_pred, average='macro')\n",
    "    f1 = f1_score(y_true, y_pred, average='macro')\n",
    "\n",
    "    return model_name, accuracy , precision, recall, f1"
   ]
  },
  {
   "cell_type": "code",
   "execution_count": 18,
   "id": "79a5991f-b7f6-4cfe-adbf-221a4c796eb9",
   "metadata": {},
   "outputs": [
    {
     "data": {
      "text/html": [
       "<div>\n",
       "<style scoped>\n",
       "    .dataframe tbody tr th:only-of-type {\n",
       "        vertical-align: middle;\n",
       "    }\n",
       "\n",
       "    .dataframe tbody tr th {\n",
       "        vertical-align: top;\n",
       "    }\n",
       "\n",
       "    .dataframe thead th {\n",
       "        text-align: right;\n",
       "    }\n",
       "</style>\n",
       "<table border=\"1\" class=\"dataframe\">\n",
       "  <thead>\n",
       "    <tr style=\"text-align: right;\">\n",
       "      <th></th>\n",
       "      <th>Algorithm</th>\n",
       "      <th>Accuracy</th>\n",
       "      <th>Precision</th>\n",
       "      <th>Recall</th>\n",
       "      <th>F1_Score</th>\n",
       "    </tr>\n",
       "  </thead>\n",
       "  <tbody>\n",
       "    <tr>\n",
       "      <th>0</th>\n",
       "      <td>Decision Tree</td>\n",
       "      <td>0.646154</td>\n",
       "      <td>0.563492</td>\n",
       "      <td>0.690309</td>\n",
       "      <td>0.583333</td>\n",
       "    </tr>\n",
       "    <tr>\n",
       "      <th>1</th>\n",
       "      <td>Random Forest</td>\n",
       "      <td>0.753846</td>\n",
       "      <td>0.767236</td>\n",
       "      <td>0.763578</td>\n",
       "      <td>0.694967</td>\n",
       "    </tr>\n",
       "  </tbody>\n",
       "</table>\n",
       "</div>"
      ],
      "text/plain": [
       "       Algorithm  Accuracy  Precision    Recall  F1_Score\n",
       "0  Decision Tree  0.646154   0.563492  0.690309  0.583333\n",
       "1  Random Forest  0.753846   0.767236  0.763578  0.694967"
      ]
     },
     "execution_count": 18,
     "metadata": {},
     "output_type": "execute_result"
    }
   ],
   "source": [
    "data = []\n",
    "for (model, model_name) in models:\n",
    "    data.append(evaluate_model(model, model_name))\n",
    "\n",
    "result = pd.DataFrame(data, columns=['Algorithm', 'Accuracy','Precision','Recall','F1_Score'])\n",
    "result"
   ]
  },
  {
   "cell_type": "code",
   "execution_count": null,
   "id": "9748a584-2bbd-4fad-bef5-983f2b4df4fc",
   "metadata": {},
   "outputs": [],
   "source": []
  }
 ],
 "metadata": {
  "kernelspec": {
   "display_name": "Python 3 (ipykernel)",
   "language": "python",
   "name": "python3"
  },
  "language_info": {
   "codemirror_mode": {
    "name": "ipython",
    "version": 3
   },
   "file_extension": ".py",
   "mimetype": "text/x-python",
   "name": "python",
   "nbconvert_exporter": "python",
   "pygments_lexer": "ipython3",
   "version": "3.10.12"
  },
  "widgets": {
   "application/vnd.jupyter.widget-state+json": {
    "state": {},
    "version_major": 2,
    "version_minor": 0
   }
  }
 },
 "nbformat": 4,
 "nbformat_minor": 5
}
