{
 "cells": [
  {
   "cell_type": "code",
   "execution_count": 1,
   "id": "6c7d01fb-2e9a-4e0b-b7a0-ae569079d642",
   "metadata": {},
   "outputs": [],
   "source": [
    "import pandas as pd\n",
    "import matplotlib.pyplot as plt\n",
    "import numpy as np\n",
    "import seaborn as sns"
   ]
  },
  {
   "cell_type": "code",
   "execution_count": 2,
   "id": "c208ad8b-7ef1-4949-8567-6b0ae929eb23",
   "metadata": {},
   "outputs": [],
   "source": [
    "df = pd.read_csv(\"/home/hp/DBDA/ML/machine-learning/Assignments/Churn.csv\")"
   ]
  },
  {
   "cell_type": "code",
   "execution_count": 3,
   "id": "23012471-53ec-4d9f-955b-ba573168e2d7",
   "metadata": {},
   "outputs": [
    {
     "data": {
      "text/html": [
       "<div>\n",
       "<style scoped>\n",
       "    .dataframe tbody tr th:only-of-type {\n",
       "        vertical-align: middle;\n",
       "    }\n",
       "\n",
       "    .dataframe tbody tr th {\n",
       "        vertical-align: top;\n",
       "    }\n",
       "\n",
       "    .dataframe thead th {\n",
       "        text-align: right;\n",
       "    }\n",
       "</style>\n",
       "<table border=\"1\" class=\"dataframe\">\n",
       "  <thead>\n",
       "    <tr style=\"text-align: right;\">\n",
       "      <th></th>\n",
       "      <th>RowNumber</th>\n",
       "      <th>CustomerId</th>\n",
       "      <th>Surname</th>\n",
       "      <th>CreditScore</th>\n",
       "      <th>Geography</th>\n",
       "      <th>Gender</th>\n",
       "      <th>Age</th>\n",
       "      <th>Tenure</th>\n",
       "      <th>Balance</th>\n",
       "      <th>NumOfProducts</th>\n",
       "      <th>HasCrCard</th>\n",
       "      <th>IsActiveMember</th>\n",
       "      <th>EstimatedSalary</th>\n",
       "      <th>Exited</th>\n",
       "    </tr>\n",
       "  </thead>\n",
       "  <tbody>\n",
       "    <tr>\n",
       "      <th>0</th>\n",
       "      <td>1</td>\n",
       "      <td>15634602</td>\n",
       "      <td>Hargrave</td>\n",
       "      <td>619</td>\n",
       "      <td>France</td>\n",
       "      <td>Female</td>\n",
       "      <td>42</td>\n",
       "      <td>2</td>\n",
       "      <td>0.00</td>\n",
       "      <td>1</td>\n",
       "      <td>1</td>\n",
       "      <td>1</td>\n",
       "      <td>101348.88</td>\n",
       "      <td>1</td>\n",
       "    </tr>\n",
       "    <tr>\n",
       "      <th>1</th>\n",
       "      <td>2</td>\n",
       "      <td>15647311</td>\n",
       "      <td>Hill</td>\n",
       "      <td>608</td>\n",
       "      <td>Spain</td>\n",
       "      <td>Female</td>\n",
       "      <td>41</td>\n",
       "      <td>1</td>\n",
       "      <td>83807.86</td>\n",
       "      <td>1</td>\n",
       "      <td>0</td>\n",
       "      <td>1</td>\n",
       "      <td>112542.58</td>\n",
       "      <td>0</td>\n",
       "    </tr>\n",
       "    <tr>\n",
       "      <th>2</th>\n",
       "      <td>3</td>\n",
       "      <td>15619304</td>\n",
       "      <td>Onio</td>\n",
       "      <td>502</td>\n",
       "      <td>France</td>\n",
       "      <td>Female</td>\n",
       "      <td>42</td>\n",
       "      <td>8</td>\n",
       "      <td>159660.80</td>\n",
       "      <td>3</td>\n",
       "      <td>1</td>\n",
       "      <td>0</td>\n",
       "      <td>113931.57</td>\n",
       "      <td>1</td>\n",
       "    </tr>\n",
       "    <tr>\n",
       "      <th>3</th>\n",
       "      <td>4</td>\n",
       "      <td>15701354</td>\n",
       "      <td>Boni</td>\n",
       "      <td>699</td>\n",
       "      <td>France</td>\n",
       "      <td>Female</td>\n",
       "      <td>39</td>\n",
       "      <td>1</td>\n",
       "      <td>0.00</td>\n",
       "      <td>2</td>\n",
       "      <td>0</td>\n",
       "      <td>0</td>\n",
       "      <td>93826.63</td>\n",
       "      <td>0</td>\n",
       "    </tr>\n",
       "    <tr>\n",
       "      <th>4</th>\n",
       "      <td>5</td>\n",
       "      <td>15737888</td>\n",
       "      <td>Mitchell</td>\n",
       "      <td>850</td>\n",
       "      <td>Spain</td>\n",
       "      <td>Female</td>\n",
       "      <td>43</td>\n",
       "      <td>2</td>\n",
       "      <td>125510.82</td>\n",
       "      <td>1</td>\n",
       "      <td>1</td>\n",
       "      <td>1</td>\n",
       "      <td>79084.10</td>\n",
       "      <td>0</td>\n",
       "    </tr>\n",
       "  </tbody>\n",
       "</table>\n",
       "</div>"
      ],
      "text/plain": [
       "   RowNumber  CustomerId   Surname  CreditScore Geography  Gender  Age  \\\n",
       "0          1    15634602  Hargrave          619    France  Female   42   \n",
       "1          2    15647311      Hill          608     Spain  Female   41   \n",
       "2          3    15619304      Onio          502    France  Female   42   \n",
       "3          4    15701354      Boni          699    France  Female   39   \n",
       "4          5    15737888  Mitchell          850     Spain  Female   43   \n",
       "\n",
       "   Tenure    Balance  NumOfProducts  HasCrCard  IsActiveMember  \\\n",
       "0       2       0.00              1          1               1   \n",
       "1       1   83807.86              1          0               1   \n",
       "2       8  159660.80              3          1               0   \n",
       "3       1       0.00              2          0               0   \n",
       "4       2  125510.82              1          1               1   \n",
       "\n",
       "   EstimatedSalary  Exited  \n",
       "0        101348.88       1  \n",
       "1        112542.58       0  \n",
       "2        113931.57       1  \n",
       "3         93826.63       0  \n",
       "4         79084.10       0  "
      ]
     },
     "execution_count": 3,
     "metadata": {},
     "output_type": "execute_result"
    }
   ],
   "source": [
    "df.head()"
   ]
  },
  {
   "cell_type": "code",
   "execution_count": 5,
   "id": "796bd8d4-0d31-4291-b725-c6dddb907772",
   "metadata": {},
   "outputs": [],
   "source": [
    "from sklearn.preprocessing import LabelEncoder\n",
    "encoder = LabelEncoder()\n",
    "df['Surname'] = encoder.fit_transform(df['Surname'])\n",
    "df['Geography'] = encoder.fit_transform(df['Geography'])\n",
    "df['Gender']= encoder.fit_transform(df['Gender'])"
   ]
  },
  {
   "cell_type": "code",
   "execution_count": 6,
   "id": "a04d697e-6728-44b2-a016-7c4139bbd5e4",
   "metadata": {},
   "outputs": [
    {
     "name": "stdout",
     "output_type": "stream",
     "text": [
      "<class 'pandas.core.frame.DataFrame'>\n",
      "RangeIndex: 10000 entries, 0 to 9999\n",
      "Data columns (total 14 columns):\n",
      " #   Column           Non-Null Count  Dtype  \n",
      "---  ------           --------------  -----  \n",
      " 0   RowNumber        10000 non-null  int64  \n",
      " 1   CustomerId       10000 non-null  int64  \n",
      " 2   Surname          10000 non-null  int64  \n",
      " 3   CreditScore      10000 non-null  int64  \n",
      " 4   Geography        10000 non-null  int64  \n",
      " 5   Gender           10000 non-null  int64  \n",
      " 6   Age              10000 non-null  int64  \n",
      " 7   Tenure           10000 non-null  int64  \n",
      " 8   Balance          10000 non-null  float64\n",
      " 9   NumOfProducts    10000 non-null  int64  \n",
      " 10  HasCrCard        10000 non-null  int64  \n",
      " 11  IsActiveMember   10000 non-null  int64  \n",
      " 12  EstimatedSalary  10000 non-null  float64\n",
      " 13  Exited           10000 non-null  int64  \n",
      "dtypes: float64(2), int64(12)\n",
      "memory usage: 1.1 MB\n"
     ]
    }
   ],
   "source": [
    "df.info()"
   ]
  },
  {
   "cell_type": "code",
   "execution_count": 7,
   "id": "75d27bb2-f866-4568-8d03-70349b90412f",
   "metadata": {},
   "outputs": [
    {
     "data": {
      "text/html": [
       "<div>\n",
       "<style scoped>\n",
       "    .dataframe tbody tr th:only-of-type {\n",
       "        vertical-align: middle;\n",
       "    }\n",
       "\n",
       "    .dataframe tbody tr th {\n",
       "        vertical-align: top;\n",
       "    }\n",
       "\n",
       "    .dataframe thead th {\n",
       "        text-align: right;\n",
       "    }\n",
       "</style>\n",
       "<table border=\"1\" class=\"dataframe\">\n",
       "  <thead>\n",
       "    <tr style=\"text-align: right;\">\n",
       "      <th></th>\n",
       "      <th>RowNumber</th>\n",
       "      <th>CustomerId</th>\n",
       "      <th>Surname</th>\n",
       "      <th>CreditScore</th>\n",
       "      <th>Geography</th>\n",
       "      <th>Gender</th>\n",
       "      <th>Age</th>\n",
       "      <th>Tenure</th>\n",
       "      <th>Balance</th>\n",
       "      <th>NumOfProducts</th>\n",
       "      <th>HasCrCard</th>\n",
       "      <th>IsActiveMember</th>\n",
       "      <th>EstimatedSalary</th>\n",
       "      <th>Exited</th>\n",
       "    </tr>\n",
       "  </thead>\n",
       "  <tbody>\n",
       "    <tr>\n",
       "      <th>RowNumber</th>\n",
       "      <td>1.000000</td>\n",
       "      <td>0.004202</td>\n",
       "      <td>0.001682</td>\n",
       "      <td>0.005840</td>\n",
       "      <td>-0.010358</td>\n",
       "      <td>0.018196</td>\n",
       "      <td>0.000783</td>\n",
       "      <td>-0.006495</td>\n",
       "      <td>-0.009067</td>\n",
       "      <td>0.007246</td>\n",
       "      <td>0.000599</td>\n",
       "      <td>0.012044</td>\n",
       "      <td>-0.005988</td>\n",
       "      <td>-0.016571</td>\n",
       "    </tr>\n",
       "    <tr>\n",
       "      <th>CustomerId</th>\n",
       "      <td>0.004202</td>\n",
       "      <td>1.000000</td>\n",
       "      <td>0.005689</td>\n",
       "      <td>0.005308</td>\n",
       "      <td>0.006516</td>\n",
       "      <td>-0.002641</td>\n",
       "      <td>0.009497</td>\n",
       "      <td>-0.014883</td>\n",
       "      <td>-0.012419</td>\n",
       "      <td>0.016972</td>\n",
       "      <td>-0.014025</td>\n",
       "      <td>0.001665</td>\n",
       "      <td>0.015271</td>\n",
       "      <td>-0.006248</td>\n",
       "    </tr>\n",
       "    <tr>\n",
       "      <th>Surname</th>\n",
       "      <td>0.001682</td>\n",
       "      <td>0.005689</td>\n",
       "      <td>1.000000</td>\n",
       "      <td>0.007489</td>\n",
       "      <td>-0.022878</td>\n",
       "      <td>-0.002049</td>\n",
       "      <td>0.005550</td>\n",
       "      <td>-0.017412</td>\n",
       "      <td>0.002657</td>\n",
       "      <td>-0.016460</td>\n",
       "      <td>-0.008993</td>\n",
       "      <td>0.001483</td>\n",
       "      <td>0.011850</td>\n",
       "      <td>-0.010822</td>\n",
       "    </tr>\n",
       "    <tr>\n",
       "      <th>CreditScore</th>\n",
       "      <td>0.005840</td>\n",
       "      <td>0.005308</td>\n",
       "      <td>0.007489</td>\n",
       "      <td>1.000000</td>\n",
       "      <td>0.007888</td>\n",
       "      <td>-0.002857</td>\n",
       "      <td>-0.003965</td>\n",
       "      <td>0.000842</td>\n",
       "      <td>0.006268</td>\n",
       "      <td>0.012238</td>\n",
       "      <td>-0.005458</td>\n",
       "      <td>0.025651</td>\n",
       "      <td>-0.001384</td>\n",
       "      <td>-0.027094</td>\n",
       "    </tr>\n",
       "    <tr>\n",
       "      <th>Geography</th>\n",
       "      <td>-0.010358</td>\n",
       "      <td>0.006516</td>\n",
       "      <td>-0.022878</td>\n",
       "      <td>0.007888</td>\n",
       "      <td>1.000000</td>\n",
       "      <td>0.004719</td>\n",
       "      <td>0.022812</td>\n",
       "      <td>0.003739</td>\n",
       "      <td>0.069408</td>\n",
       "      <td>0.003972</td>\n",
       "      <td>-0.008523</td>\n",
       "      <td>0.006724</td>\n",
       "      <td>-0.001369</td>\n",
       "      <td>0.035943</td>\n",
       "    </tr>\n",
       "    <tr>\n",
       "      <th>Gender</th>\n",
       "      <td>0.018196</td>\n",
       "      <td>-0.002641</td>\n",
       "      <td>-0.002049</td>\n",
       "      <td>-0.002857</td>\n",
       "      <td>0.004719</td>\n",
       "      <td>1.000000</td>\n",
       "      <td>-0.027544</td>\n",
       "      <td>0.014733</td>\n",
       "      <td>0.012087</td>\n",
       "      <td>-0.021859</td>\n",
       "      <td>0.005766</td>\n",
       "      <td>0.022544</td>\n",
       "      <td>-0.008112</td>\n",
       "      <td>-0.106512</td>\n",
       "    </tr>\n",
       "    <tr>\n",
       "      <th>Age</th>\n",
       "      <td>0.000783</td>\n",
       "      <td>0.009497</td>\n",
       "      <td>0.005550</td>\n",
       "      <td>-0.003965</td>\n",
       "      <td>0.022812</td>\n",
       "      <td>-0.027544</td>\n",
       "      <td>1.000000</td>\n",
       "      <td>-0.009997</td>\n",
       "      <td>0.028308</td>\n",
       "      <td>-0.030680</td>\n",
       "      <td>-0.011721</td>\n",
       "      <td>0.085472</td>\n",
       "      <td>-0.007201</td>\n",
       "      <td>0.285323</td>\n",
       "    </tr>\n",
       "    <tr>\n",
       "      <th>Tenure</th>\n",
       "      <td>-0.006495</td>\n",
       "      <td>-0.014883</td>\n",
       "      <td>-0.017412</td>\n",
       "      <td>0.000842</td>\n",
       "      <td>0.003739</td>\n",
       "      <td>0.014733</td>\n",
       "      <td>-0.009997</td>\n",
       "      <td>1.000000</td>\n",
       "      <td>-0.012254</td>\n",
       "      <td>0.013444</td>\n",
       "      <td>0.022583</td>\n",
       "      <td>-0.028362</td>\n",
       "      <td>0.007784</td>\n",
       "      <td>-0.014001</td>\n",
       "    </tr>\n",
       "    <tr>\n",
       "      <th>Balance</th>\n",
       "      <td>-0.009067</td>\n",
       "      <td>-0.012419</td>\n",
       "      <td>0.002657</td>\n",
       "      <td>0.006268</td>\n",
       "      <td>0.069408</td>\n",
       "      <td>0.012087</td>\n",
       "      <td>0.028308</td>\n",
       "      <td>-0.012254</td>\n",
       "      <td>1.000000</td>\n",
       "      <td>-0.304180</td>\n",
       "      <td>-0.014858</td>\n",
       "      <td>-0.010084</td>\n",
       "      <td>0.012797</td>\n",
       "      <td>0.118533</td>\n",
       "    </tr>\n",
       "    <tr>\n",
       "      <th>NumOfProducts</th>\n",
       "      <td>0.007246</td>\n",
       "      <td>0.016972</td>\n",
       "      <td>-0.016460</td>\n",
       "      <td>0.012238</td>\n",
       "      <td>0.003972</td>\n",
       "      <td>-0.021859</td>\n",
       "      <td>-0.030680</td>\n",
       "      <td>0.013444</td>\n",
       "      <td>-0.304180</td>\n",
       "      <td>1.000000</td>\n",
       "      <td>0.003183</td>\n",
       "      <td>0.009612</td>\n",
       "      <td>0.014204</td>\n",
       "      <td>-0.047820</td>\n",
       "    </tr>\n",
       "    <tr>\n",
       "      <th>HasCrCard</th>\n",
       "      <td>0.000599</td>\n",
       "      <td>-0.014025</td>\n",
       "      <td>-0.008993</td>\n",
       "      <td>-0.005458</td>\n",
       "      <td>-0.008523</td>\n",
       "      <td>0.005766</td>\n",
       "      <td>-0.011721</td>\n",
       "      <td>0.022583</td>\n",
       "      <td>-0.014858</td>\n",
       "      <td>0.003183</td>\n",
       "      <td>1.000000</td>\n",
       "      <td>-0.011866</td>\n",
       "      <td>-0.009933</td>\n",
       "      <td>-0.007138</td>\n",
       "    </tr>\n",
       "    <tr>\n",
       "      <th>IsActiveMember</th>\n",
       "      <td>0.012044</td>\n",
       "      <td>0.001665</td>\n",
       "      <td>0.001483</td>\n",
       "      <td>0.025651</td>\n",
       "      <td>0.006724</td>\n",
       "      <td>0.022544</td>\n",
       "      <td>0.085472</td>\n",
       "      <td>-0.028362</td>\n",
       "      <td>-0.010084</td>\n",
       "      <td>0.009612</td>\n",
       "      <td>-0.011866</td>\n",
       "      <td>1.000000</td>\n",
       "      <td>-0.011421</td>\n",
       "      <td>-0.156128</td>\n",
       "    </tr>\n",
       "    <tr>\n",
       "      <th>EstimatedSalary</th>\n",
       "      <td>-0.005988</td>\n",
       "      <td>0.015271</td>\n",
       "      <td>0.011850</td>\n",
       "      <td>-0.001384</td>\n",
       "      <td>-0.001369</td>\n",
       "      <td>-0.008112</td>\n",
       "      <td>-0.007201</td>\n",
       "      <td>0.007784</td>\n",
       "      <td>0.012797</td>\n",
       "      <td>0.014204</td>\n",
       "      <td>-0.009933</td>\n",
       "      <td>-0.011421</td>\n",
       "      <td>1.000000</td>\n",
       "      <td>0.012097</td>\n",
       "    </tr>\n",
       "    <tr>\n",
       "      <th>Exited</th>\n",
       "      <td>-0.016571</td>\n",
       "      <td>-0.006248</td>\n",
       "      <td>-0.010822</td>\n",
       "      <td>-0.027094</td>\n",
       "      <td>0.035943</td>\n",
       "      <td>-0.106512</td>\n",
       "      <td>0.285323</td>\n",
       "      <td>-0.014001</td>\n",
       "      <td>0.118533</td>\n",
       "      <td>-0.047820</td>\n",
       "      <td>-0.007138</td>\n",
       "      <td>-0.156128</td>\n",
       "      <td>0.012097</td>\n",
       "      <td>1.000000</td>\n",
       "    </tr>\n",
       "  </tbody>\n",
       "</table>\n",
       "</div>"
      ],
      "text/plain": [
       "                 RowNumber  CustomerId   Surname  CreditScore  Geography  \\\n",
       "RowNumber         1.000000    0.004202  0.001682     0.005840  -0.010358   \n",
       "CustomerId        0.004202    1.000000  0.005689     0.005308   0.006516   \n",
       "Surname           0.001682    0.005689  1.000000     0.007489  -0.022878   \n",
       "CreditScore       0.005840    0.005308  0.007489     1.000000   0.007888   \n",
       "Geography        -0.010358    0.006516 -0.022878     0.007888   1.000000   \n",
       "Gender            0.018196   -0.002641 -0.002049    -0.002857   0.004719   \n",
       "Age               0.000783    0.009497  0.005550    -0.003965   0.022812   \n",
       "Tenure           -0.006495   -0.014883 -0.017412     0.000842   0.003739   \n",
       "Balance          -0.009067   -0.012419  0.002657     0.006268   0.069408   \n",
       "NumOfProducts     0.007246    0.016972 -0.016460     0.012238   0.003972   \n",
       "HasCrCard         0.000599   -0.014025 -0.008993    -0.005458  -0.008523   \n",
       "IsActiveMember    0.012044    0.001665  0.001483     0.025651   0.006724   \n",
       "EstimatedSalary  -0.005988    0.015271  0.011850    -0.001384  -0.001369   \n",
       "Exited           -0.016571   -0.006248 -0.010822    -0.027094   0.035943   \n",
       "\n",
       "                   Gender       Age    Tenure   Balance  NumOfProducts  \\\n",
       "RowNumber        0.018196  0.000783 -0.006495 -0.009067       0.007246   \n",
       "CustomerId      -0.002641  0.009497 -0.014883 -0.012419       0.016972   \n",
       "Surname         -0.002049  0.005550 -0.017412  0.002657      -0.016460   \n",
       "CreditScore     -0.002857 -0.003965  0.000842  0.006268       0.012238   \n",
       "Geography        0.004719  0.022812  0.003739  0.069408       0.003972   \n",
       "Gender           1.000000 -0.027544  0.014733  0.012087      -0.021859   \n",
       "Age             -0.027544  1.000000 -0.009997  0.028308      -0.030680   \n",
       "Tenure           0.014733 -0.009997  1.000000 -0.012254       0.013444   \n",
       "Balance          0.012087  0.028308 -0.012254  1.000000      -0.304180   \n",
       "NumOfProducts   -0.021859 -0.030680  0.013444 -0.304180       1.000000   \n",
       "HasCrCard        0.005766 -0.011721  0.022583 -0.014858       0.003183   \n",
       "IsActiveMember   0.022544  0.085472 -0.028362 -0.010084       0.009612   \n",
       "EstimatedSalary -0.008112 -0.007201  0.007784  0.012797       0.014204   \n",
       "Exited          -0.106512  0.285323 -0.014001  0.118533      -0.047820   \n",
       "\n",
       "                 HasCrCard  IsActiveMember  EstimatedSalary    Exited  \n",
       "RowNumber         0.000599        0.012044        -0.005988 -0.016571  \n",
       "CustomerId       -0.014025        0.001665         0.015271 -0.006248  \n",
       "Surname          -0.008993        0.001483         0.011850 -0.010822  \n",
       "CreditScore      -0.005458        0.025651        -0.001384 -0.027094  \n",
       "Geography        -0.008523        0.006724        -0.001369  0.035943  \n",
       "Gender            0.005766        0.022544        -0.008112 -0.106512  \n",
       "Age              -0.011721        0.085472        -0.007201  0.285323  \n",
       "Tenure            0.022583       -0.028362         0.007784 -0.014001  \n",
       "Balance          -0.014858       -0.010084         0.012797  0.118533  \n",
       "NumOfProducts     0.003183        0.009612         0.014204 -0.047820  \n",
       "HasCrCard         1.000000       -0.011866        -0.009933 -0.007138  \n",
       "IsActiveMember   -0.011866        1.000000        -0.011421 -0.156128  \n",
       "EstimatedSalary  -0.009933       -0.011421         1.000000  0.012097  \n",
       "Exited           -0.007138       -0.156128         0.012097  1.000000  "
      ]
     },
     "execution_count": 7,
     "metadata": {},
     "output_type": "execute_result"
    }
   ],
   "source": [
    "df.corr()"
   ]
  },
  {
   "cell_type": "code",
   "execution_count": 9,
   "id": "263d6492-4a0f-412d-9547-5e0c55c423ae",
   "metadata": {},
   "outputs": [],
   "source": [
    "x = df.drop('Exited', axis=1)\n",
    "y = df['Exited']"
   ]
  },
  {
   "cell_type": "code",
   "execution_count": 10,
   "id": "87a3f1f6-d3ab-4b8c-bb66-19578288c679",
   "metadata": {},
   "outputs": [],
   "source": [
    "from sklearn.model_selection import train_test_split\n",
    "x_train, x_test, y_train, y_test = train_test_split(x,y, train_size=0.7, random_state=123456)"
   ]
  },
  {
   "cell_type": "code",
   "execution_count": 11,
   "id": "5add1427-2cee-4195-9029-b8ddace35af6",
   "metadata": {},
   "outputs": [],
   "source": [
    "def DT_Model():\n",
    "    from sklearn.tree import DecisionTreeClassifier\n",
    "    model = DecisionTreeClassifier(max_depth=5)\n",
    "    model.fit(x_train,y_train)\n",
    "    return model"
   ]
  },
  {
   "cell_type": "code",
   "execution_count": 12,
   "id": "0a717b4f-d74e-489f-a171-589c7e29ddce",
   "metadata": {},
   "outputs": [],
   "source": [
    "def RF_Model():\n",
    "    from sklearn.ensemble import RandomForestClassifier\n",
    "    model = RandomForestClassifier(n_estimators=1000)\n",
    "    model.fit(x_train, y_train)\n",
    "    return model"
   ]
  },
  {
   "cell_type": "code",
   "execution_count": 13,
   "id": "0508eb27-db76-41c1-b0ce-6f33a4bd3f70",
   "metadata": {},
   "outputs": [],
   "source": [
    "models = [\n",
    "    (DT_Model(), 'Decision Tree'),\n",
    "    (RF_Model(), 'Random Forest')\n",
    "]"
   ]
  },
  {
   "cell_type": "code",
   "execution_count": 14,
   "id": "4806dd00-0431-4b72-a154-949716602af6",
   "metadata": {},
   "outputs": [],
   "source": [
    "def evaluate_model(model, model_name):\n",
    "    from sklearn.metrics import accuracy_score, precision_score, recall_score, f1_score\n",
    "\n",
    "    y_pred = model.predict(x_test)\n",
    "    y_true = y_test\n",
    "    accuracy = accuracy_score(y_true, y_pred)\n",
    "    precision = precision_score(y_true, y_pred)\n",
    "    recall = recall_score(y_true, y_pred)\n",
    "    f1 = f1_score(y_true, y_pred)\n",
    "\n",
    "    return model_name, accuracy , precision, recall, f1"
   ]
  },
  {
   "cell_type": "code",
   "execution_count": 15,
   "id": "990ac4e6-e1a1-455b-8e0b-8cf3b97a5c2c",
   "metadata": {},
   "outputs": [
    {
     "data": {
      "text/html": [
       "<div>\n",
       "<style scoped>\n",
       "    .dataframe tbody tr th:only-of-type {\n",
       "        vertical-align: middle;\n",
       "    }\n",
       "\n",
       "    .dataframe tbody tr th {\n",
       "        vertical-align: top;\n",
       "    }\n",
       "\n",
       "    .dataframe thead th {\n",
       "        text-align: right;\n",
       "    }\n",
       "</style>\n",
       "<table border=\"1\" class=\"dataframe\">\n",
       "  <thead>\n",
       "    <tr style=\"text-align: right;\">\n",
       "      <th></th>\n",
       "      <th>Algorithm</th>\n",
       "      <th>Accuracy</th>\n",
       "      <th>Precision</th>\n",
       "      <th>Recall</th>\n",
       "      <th>F1_Score</th>\n",
       "    </tr>\n",
       "  </thead>\n",
       "  <tbody>\n",
       "    <tr>\n",
       "      <th>0</th>\n",
       "      <td>Decision Tree</td>\n",
       "      <td>0.847333</td>\n",
       "      <td>0.813953</td>\n",
       "      <td>0.338710</td>\n",
       "      <td>0.478360</td>\n",
       "    </tr>\n",
       "    <tr>\n",
       "      <th>1</th>\n",
       "      <td>Random Forest</td>\n",
       "      <td>0.853000</td>\n",
       "      <td>0.801347</td>\n",
       "      <td>0.383871</td>\n",
       "      <td>0.519084</td>\n",
       "    </tr>\n",
       "  </tbody>\n",
       "</table>\n",
       "</div>"
      ],
      "text/plain": [
       "       Algorithm  Accuracy  Precision    Recall  F1_Score\n",
       "0  Decision Tree  0.847333   0.813953  0.338710  0.478360\n",
       "1  Random Forest  0.853000   0.801347  0.383871  0.519084"
      ]
     },
     "execution_count": 15,
     "metadata": {},
     "output_type": "execute_result"
    }
   ],
   "source": [
    "data = []\n",
    "for (model, model_name) in models:\n",
    "    data.append(evaluate_model(model, model_name))\n",
    "\n",
    "result = pd.DataFrame(data, columns=['Algorithm', 'Accuracy','Precision','Recall','F1_Score'])\n",
    "result"
   ]
  },
  {
   "cell_type": "code",
   "execution_count": null,
   "id": "ae72db4c-253c-4c12-98d2-744e4574abe5",
   "metadata": {},
   "outputs": [],
   "source": []
  }
 ],
 "metadata": {
  "kernelspec": {
   "display_name": "Python 3 (ipykernel)",
   "language": "python",
   "name": "python3"
  },
  "language_info": {
   "codemirror_mode": {
    "name": "ipython",
    "version": 3
   },
   "file_extension": ".py",
   "mimetype": "text/x-python",
   "name": "python",
   "nbconvert_exporter": "python",
   "pygments_lexer": "ipython3",
   "version": "3.10.12"
  },
  "widgets": {
   "application/vnd.jupyter.widget-state+json": {
    "state": {},
    "version_major": 2,
    "version_minor": 0
   }
  }
 },
 "nbformat": 4,
 "nbformat_minor": 5
}
