{
 "cells": [
  {
   "cell_type": "code",
   "execution_count": 1,
   "id": "a1910d12-8485-4bfe-9d74-a84b523fae1e",
   "metadata": {},
   "outputs": [],
   "source": [
    "import pandas as pd\n",
    "import numpy as np\n",
    "import seaborn as sns\n",
    "import matplotlib.pyplot as plt"
   ]
  },
  {
   "cell_type": "code",
   "execution_count": 2,
   "id": "408db9ae-7326-44ae-a70d-120d63a5ef3a",
   "metadata": {},
   "outputs": [],
   "source": [
    "df = pd.read_csv(\"/home/hp/DBDA/ML/machine-learning/Assignments/framingham.csv\")"
   ]
  },
  {
   "cell_type": "code",
   "execution_count": 8,
   "id": "143f6118-faa3-47a4-9072-5381e3de8fac",
   "metadata": {},
   "outputs": [
    {
     "data": {
      "text/html": [
       "<div>\n",
       "<style scoped>\n",
       "    .dataframe tbody tr th:only-of-type {\n",
       "        vertical-align: middle;\n",
       "    }\n",
       "\n",
       "    .dataframe tbody tr th {\n",
       "        vertical-align: top;\n",
       "    }\n",
       "\n",
       "    .dataframe thead th {\n",
       "        text-align: right;\n",
       "    }\n",
       "</style>\n",
       "<table border=\"1\" class=\"dataframe\">\n",
       "  <thead>\n",
       "    <tr style=\"text-align: right;\">\n",
       "      <th></th>\n",
       "      <th>male</th>\n",
       "      <th>age</th>\n",
       "      <th>education</th>\n",
       "      <th>currentSmoker</th>\n",
       "      <th>cigsPerDay</th>\n",
       "      <th>BPMeds</th>\n",
       "      <th>prevalentStroke</th>\n",
       "      <th>prevalentHyp</th>\n",
       "      <th>diabetes</th>\n",
       "      <th>totChol</th>\n",
       "      <th>sysBP</th>\n",
       "      <th>diaBP</th>\n",
       "      <th>BMI</th>\n",
       "      <th>heartRate</th>\n",
       "      <th>glucose</th>\n",
       "      <th>TenYearCHD</th>\n",
       "    </tr>\n",
       "  </thead>\n",
       "  <tbody>\n",
       "    <tr>\n",
       "      <th>0</th>\n",
       "      <td>1</td>\n",
       "      <td>39</td>\n",
       "      <td>4.0</td>\n",
       "      <td>0</td>\n",
       "      <td>0.0</td>\n",
       "      <td>0.0</td>\n",
       "      <td>0</td>\n",
       "      <td>0</td>\n",
       "      <td>0</td>\n",
       "      <td>195.0</td>\n",
       "      <td>106.0</td>\n",
       "      <td>70.0</td>\n",
       "      <td>26.97</td>\n",
       "      <td>80.0</td>\n",
       "      <td>77.0</td>\n",
       "      <td>0</td>\n",
       "    </tr>\n",
       "    <tr>\n",
       "      <th>1</th>\n",
       "      <td>0</td>\n",
       "      <td>46</td>\n",
       "      <td>2.0</td>\n",
       "      <td>0</td>\n",
       "      <td>0.0</td>\n",
       "      <td>0.0</td>\n",
       "      <td>0</td>\n",
       "      <td>0</td>\n",
       "      <td>0</td>\n",
       "      <td>250.0</td>\n",
       "      <td>121.0</td>\n",
       "      <td>81.0</td>\n",
       "      <td>28.73</td>\n",
       "      <td>95.0</td>\n",
       "      <td>76.0</td>\n",
       "      <td>0</td>\n",
       "    </tr>\n",
       "    <tr>\n",
       "      <th>2</th>\n",
       "      <td>1</td>\n",
       "      <td>48</td>\n",
       "      <td>1.0</td>\n",
       "      <td>1</td>\n",
       "      <td>20.0</td>\n",
       "      <td>0.0</td>\n",
       "      <td>0</td>\n",
       "      <td>0</td>\n",
       "      <td>0</td>\n",
       "      <td>245.0</td>\n",
       "      <td>127.5</td>\n",
       "      <td>80.0</td>\n",
       "      <td>25.34</td>\n",
       "      <td>75.0</td>\n",
       "      <td>70.0</td>\n",
       "      <td>0</td>\n",
       "    </tr>\n",
       "    <tr>\n",
       "      <th>3</th>\n",
       "      <td>0</td>\n",
       "      <td>61</td>\n",
       "      <td>3.0</td>\n",
       "      <td>1</td>\n",
       "      <td>30.0</td>\n",
       "      <td>0.0</td>\n",
       "      <td>0</td>\n",
       "      <td>1</td>\n",
       "      <td>0</td>\n",
       "      <td>225.0</td>\n",
       "      <td>150.0</td>\n",
       "      <td>95.0</td>\n",
       "      <td>28.58</td>\n",
       "      <td>65.0</td>\n",
       "      <td>103.0</td>\n",
       "      <td>1</td>\n",
       "    </tr>\n",
       "    <tr>\n",
       "      <th>4</th>\n",
       "      <td>0</td>\n",
       "      <td>46</td>\n",
       "      <td>3.0</td>\n",
       "      <td>1</td>\n",
       "      <td>23.0</td>\n",
       "      <td>0.0</td>\n",
       "      <td>0</td>\n",
       "      <td>0</td>\n",
       "      <td>0</td>\n",
       "      <td>285.0</td>\n",
       "      <td>130.0</td>\n",
       "      <td>84.0</td>\n",
       "      <td>23.10</td>\n",
       "      <td>85.0</td>\n",
       "      <td>85.0</td>\n",
       "      <td>0</td>\n",
       "    </tr>\n",
       "    <tr>\n",
       "      <th>5</th>\n",
       "      <td>0</td>\n",
       "      <td>43</td>\n",
       "      <td>2.0</td>\n",
       "      <td>0</td>\n",
       "      <td>0.0</td>\n",
       "      <td>0.0</td>\n",
       "      <td>0</td>\n",
       "      <td>1</td>\n",
       "      <td>0</td>\n",
       "      <td>228.0</td>\n",
       "      <td>180.0</td>\n",
       "      <td>110.0</td>\n",
       "      <td>30.30</td>\n",
       "      <td>77.0</td>\n",
       "      <td>99.0</td>\n",
       "      <td>0</td>\n",
       "    </tr>\n",
       "    <tr>\n",
       "      <th>6</th>\n",
       "      <td>0</td>\n",
       "      <td>63</td>\n",
       "      <td>1.0</td>\n",
       "      <td>0</td>\n",
       "      <td>0.0</td>\n",
       "      <td>0.0</td>\n",
       "      <td>0</td>\n",
       "      <td>0</td>\n",
       "      <td>0</td>\n",
       "      <td>205.0</td>\n",
       "      <td>138.0</td>\n",
       "      <td>71.0</td>\n",
       "      <td>33.11</td>\n",
       "      <td>60.0</td>\n",
       "      <td>85.0</td>\n",
       "      <td>1</td>\n",
       "    </tr>\n",
       "    <tr>\n",
       "      <th>7</th>\n",
       "      <td>0</td>\n",
       "      <td>45</td>\n",
       "      <td>2.0</td>\n",
       "      <td>1</td>\n",
       "      <td>20.0</td>\n",
       "      <td>0.0</td>\n",
       "      <td>0</td>\n",
       "      <td>0</td>\n",
       "      <td>0</td>\n",
       "      <td>313.0</td>\n",
       "      <td>100.0</td>\n",
       "      <td>71.0</td>\n",
       "      <td>21.68</td>\n",
       "      <td>79.0</td>\n",
       "      <td>78.0</td>\n",
       "      <td>0</td>\n",
       "    </tr>\n",
       "    <tr>\n",
       "      <th>8</th>\n",
       "      <td>1</td>\n",
       "      <td>52</td>\n",
       "      <td>1.0</td>\n",
       "      <td>0</td>\n",
       "      <td>0.0</td>\n",
       "      <td>0.0</td>\n",
       "      <td>0</td>\n",
       "      <td>1</td>\n",
       "      <td>0</td>\n",
       "      <td>260.0</td>\n",
       "      <td>141.5</td>\n",
       "      <td>89.0</td>\n",
       "      <td>26.36</td>\n",
       "      <td>76.0</td>\n",
       "      <td>79.0</td>\n",
       "      <td>0</td>\n",
       "    </tr>\n",
       "    <tr>\n",
       "      <th>9</th>\n",
       "      <td>1</td>\n",
       "      <td>43</td>\n",
       "      <td>1.0</td>\n",
       "      <td>1</td>\n",
       "      <td>30.0</td>\n",
       "      <td>0.0</td>\n",
       "      <td>0</td>\n",
       "      <td>1</td>\n",
       "      <td>0</td>\n",
       "      <td>225.0</td>\n",
       "      <td>162.0</td>\n",
       "      <td>107.0</td>\n",
       "      <td>23.61</td>\n",
       "      <td>93.0</td>\n",
       "      <td>88.0</td>\n",
       "      <td>0</td>\n",
       "    </tr>\n",
       "    <tr>\n",
       "      <th>10</th>\n",
       "      <td>0</td>\n",
       "      <td>50</td>\n",
       "      <td>1.0</td>\n",
       "      <td>0</td>\n",
       "      <td>0.0</td>\n",
       "      <td>0.0</td>\n",
       "      <td>0</td>\n",
       "      <td>0</td>\n",
       "      <td>0</td>\n",
       "      <td>254.0</td>\n",
       "      <td>133.0</td>\n",
       "      <td>76.0</td>\n",
       "      <td>22.91</td>\n",
       "      <td>75.0</td>\n",
       "      <td>76.0</td>\n",
       "      <td>0</td>\n",
       "    </tr>\n",
       "    <tr>\n",
       "      <th>11</th>\n",
       "      <td>0</td>\n",
       "      <td>43</td>\n",
       "      <td>2.0</td>\n",
       "      <td>0</td>\n",
       "      <td>0.0</td>\n",
       "      <td>0.0</td>\n",
       "      <td>0</td>\n",
       "      <td>0</td>\n",
       "      <td>0</td>\n",
       "      <td>247.0</td>\n",
       "      <td>131.0</td>\n",
       "      <td>88.0</td>\n",
       "      <td>27.64</td>\n",
       "      <td>72.0</td>\n",
       "      <td>61.0</td>\n",
       "      <td>0</td>\n",
       "    </tr>\n",
       "    <tr>\n",
       "      <th>12</th>\n",
       "      <td>1</td>\n",
       "      <td>46</td>\n",
       "      <td>1.0</td>\n",
       "      <td>1</td>\n",
       "      <td>15.0</td>\n",
       "      <td>0.0</td>\n",
       "      <td>0</td>\n",
       "      <td>1</td>\n",
       "      <td>0</td>\n",
       "      <td>294.0</td>\n",
       "      <td>142.0</td>\n",
       "      <td>94.0</td>\n",
       "      <td>26.31</td>\n",
       "      <td>98.0</td>\n",
       "      <td>64.0</td>\n",
       "      <td>0</td>\n",
       "    </tr>\n",
       "    <tr>\n",
       "      <th>13</th>\n",
       "      <td>0</td>\n",
       "      <td>41</td>\n",
       "      <td>3.0</td>\n",
       "      <td>0</td>\n",
       "      <td>0.0</td>\n",
       "      <td>1.0</td>\n",
       "      <td>0</td>\n",
       "      <td>1</td>\n",
       "      <td>0</td>\n",
       "      <td>332.0</td>\n",
       "      <td>124.0</td>\n",
       "      <td>88.0</td>\n",
       "      <td>31.31</td>\n",
       "      <td>65.0</td>\n",
       "      <td>84.0</td>\n",
       "      <td>0</td>\n",
       "    </tr>\n",
       "    <tr>\n",
       "      <th>14</th>\n",
       "      <td>0</td>\n",
       "      <td>39</td>\n",
       "      <td>2.0</td>\n",
       "      <td>1</td>\n",
       "      <td>9.0</td>\n",
       "      <td>0.0</td>\n",
       "      <td>0</td>\n",
       "      <td>0</td>\n",
       "      <td>0</td>\n",
       "      <td>226.0</td>\n",
       "      <td>114.0</td>\n",
       "      <td>64.0</td>\n",
       "      <td>22.35</td>\n",
       "      <td>85.0</td>\n",
       "      <td>NaN</td>\n",
       "      <td>0</td>\n",
       "    </tr>\n",
       "  </tbody>\n",
       "</table>\n",
       "</div>"
      ],
      "text/plain": [
       "    male  age  education  currentSmoker  cigsPerDay  BPMeds  prevalentStroke  \\\n",
       "0      1   39        4.0              0         0.0     0.0                0   \n",
       "1      0   46        2.0              0         0.0     0.0                0   \n",
       "2      1   48        1.0              1        20.0     0.0                0   \n",
       "3      0   61        3.0              1        30.0     0.0                0   \n",
       "4      0   46        3.0              1        23.0     0.0                0   \n",
       "5      0   43        2.0              0         0.0     0.0                0   \n",
       "6      0   63        1.0              0         0.0     0.0                0   \n",
       "7      0   45        2.0              1        20.0     0.0                0   \n",
       "8      1   52        1.0              0         0.0     0.0                0   \n",
       "9      1   43        1.0              1        30.0     0.0                0   \n",
       "10     0   50        1.0              0         0.0     0.0                0   \n",
       "11     0   43        2.0              0         0.0     0.0                0   \n",
       "12     1   46        1.0              1        15.0     0.0                0   \n",
       "13     0   41        3.0              0         0.0     1.0                0   \n",
       "14     0   39        2.0              1         9.0     0.0                0   \n",
       "\n",
       "    prevalentHyp  diabetes  totChol  sysBP  diaBP    BMI  heartRate  glucose  \\\n",
       "0              0         0    195.0  106.0   70.0  26.97       80.0     77.0   \n",
       "1              0         0    250.0  121.0   81.0  28.73       95.0     76.0   \n",
       "2              0         0    245.0  127.5   80.0  25.34       75.0     70.0   \n",
       "3              1         0    225.0  150.0   95.0  28.58       65.0    103.0   \n",
       "4              0         0    285.0  130.0   84.0  23.10       85.0     85.0   \n",
       "5              1         0    228.0  180.0  110.0  30.30       77.0     99.0   \n",
       "6              0         0    205.0  138.0   71.0  33.11       60.0     85.0   \n",
       "7              0         0    313.0  100.0   71.0  21.68       79.0     78.0   \n",
       "8              1         0    260.0  141.5   89.0  26.36       76.0     79.0   \n",
       "9              1         0    225.0  162.0  107.0  23.61       93.0     88.0   \n",
       "10             0         0    254.0  133.0   76.0  22.91       75.0     76.0   \n",
       "11             0         0    247.0  131.0   88.0  27.64       72.0     61.0   \n",
       "12             1         0    294.0  142.0   94.0  26.31       98.0     64.0   \n",
       "13             1         0    332.0  124.0   88.0  31.31       65.0     84.0   \n",
       "14             0         0    226.0  114.0   64.0  22.35       85.0      NaN   \n",
       "\n",
       "    TenYearCHD  \n",
       "0            0  \n",
       "1            0  \n",
       "2            0  \n",
       "3            1  \n",
       "4            0  \n",
       "5            0  \n",
       "6            1  \n",
       "7            0  \n",
       "8            0  \n",
       "9            0  \n",
       "10           0  \n",
       "11           0  \n",
       "12           0  \n",
       "13           0  \n",
       "14           0  "
      ]
     },
     "execution_count": 8,
     "metadata": {},
     "output_type": "execute_result"
    }
   ],
   "source": [
    "df.head(15)"
   ]
  },
  {
   "cell_type": "code",
   "execution_count": 4,
   "id": "a318ff31-1a3b-4bff-aae3-16aa53bd58d2",
   "metadata": {},
   "outputs": [
    {
     "name": "stdout",
     "output_type": "stream",
     "text": [
      "<class 'pandas.core.frame.DataFrame'>\n",
      "RangeIndex: 4240 entries, 0 to 4239\n",
      "Data columns (total 16 columns):\n",
      " #   Column           Non-Null Count  Dtype  \n",
      "---  ------           --------------  -----  \n",
      " 0   male             4240 non-null   int64  \n",
      " 1   age              4240 non-null   int64  \n",
      " 2   education        4135 non-null   float64\n",
      " 3   currentSmoker    4240 non-null   int64  \n",
      " 4   cigsPerDay       4211 non-null   float64\n",
      " 5   BPMeds           4187 non-null   float64\n",
      " 6   prevalentStroke  4240 non-null   int64  \n",
      " 7   prevalentHyp     4240 non-null   int64  \n",
      " 8   diabetes         4240 non-null   int64  \n",
      " 9   totChol          4190 non-null   float64\n",
      " 10  sysBP            4240 non-null   float64\n",
      " 11  diaBP            4240 non-null   float64\n",
      " 12  BMI              4221 non-null   float64\n",
      " 13  heartRate        4239 non-null   float64\n",
      " 14  glucose          3852 non-null   float64\n",
      " 15  TenYearCHD       4240 non-null   int64  \n",
      "dtypes: float64(9), int64(7)\n",
      "memory usage: 530.1 KB\n"
     ]
    }
   ],
   "source": [
    "df.info()"
   ]
  },
  {
   "cell_type": "code",
   "execution_count": 6,
   "id": "5ffc0ca0-024e-4508-b13e-75e7461555b5",
   "metadata": {},
   "outputs": [
    {
     "data": {
      "text/plain": [
       "male                 0\n",
       "age                  0\n",
       "education          105\n",
       "currentSmoker        0\n",
       "cigsPerDay          29\n",
       "BPMeds              53\n",
       "prevalentStroke      0\n",
       "prevalentHyp         0\n",
       "diabetes             0\n",
       "totChol             50\n",
       "sysBP                0\n",
       "diaBP                0\n",
       "BMI                 19\n",
       "heartRate            1\n",
       "glucose            388\n",
       "TenYearCHD           0\n",
       "dtype: int64"
      ]
     },
     "execution_count": 6,
     "metadata": {},
     "output_type": "execute_result"
    }
   ],
   "source": [
    "df.isna().sum()"
   ]
  },
  {
   "cell_type": "code",
   "execution_count": 9,
   "id": "b36ca49a-f8a4-43a0-99f8-d8f8ca179229",
   "metadata": {},
   "outputs": [
    {
     "name": "stderr",
     "output_type": "stream",
     "text": [
      "/tmp/ipykernel_27733/333607023.py:1: FutureWarning: A value is trying to be set on a copy of a DataFrame or Series through chained assignment using an inplace method.\n",
      "The behavior will change in pandas 3.0. This inplace method will never work because the intermediate object on which we are setting values always behaves as a copy.\n",
      "\n",
      "For example, when doing 'df[col].method(value, inplace=True)', try using 'df.method({col: value}, inplace=True)' or df[col] = df[col].method(value) instead, to perform the operation inplace on the original object.\n",
      "\n",
      "\n",
      "  df[\"education\"].fillna(df['education'].mode()[0],inplace=True)\n",
      "/tmp/ipykernel_27733/333607023.py:3: FutureWarning: A value is trying to be set on a copy of a DataFrame or Series through chained assignment using an inplace method.\n",
      "The behavior will change in pandas 3.0. This inplace method will never work because the intermediate object on which we are setting values always behaves as a copy.\n",
      "\n",
      "For example, when doing 'df[col].method(value, inplace=True)', try using 'df.method({col: value}, inplace=True)' or df[col] = df[col].method(value) instead, to perform the operation inplace on the original object.\n",
      "\n",
      "\n",
      "  df['cigsPerDay'].fillna(df['cigsPerDay'].mean(),inplace=True)\n",
      "/tmp/ipykernel_27733/333607023.py:5: FutureWarning: A value is trying to be set on a copy of a DataFrame or Series through chained assignment using an inplace method.\n",
      "The behavior will change in pandas 3.0. This inplace method will never work because the intermediate object on which we are setting values always behaves as a copy.\n",
      "\n",
      "For example, when doing 'df[col].method(value, inplace=True)', try using 'df.method({col: value}, inplace=True)' or df[col] = df[col].method(value) instead, to perform the operation inplace on the original object.\n",
      "\n",
      "\n",
      "  df[\"BPMeds\"].fillna(df['BPMeds'].mean(),inplace=True)\n",
      "/tmp/ipykernel_27733/333607023.py:7: FutureWarning: A value is trying to be set on a copy of a DataFrame or Series through chained assignment using an inplace method.\n",
      "The behavior will change in pandas 3.0. This inplace method will never work because the intermediate object on which we are setting values always behaves as a copy.\n",
      "\n",
      "For example, when doing 'df[col].method(value, inplace=True)', try using 'df.method({col: value}, inplace=True)' or df[col] = df[col].method(value) instead, to perform the operation inplace on the original object.\n",
      "\n",
      "\n",
      "  df[\"totChol\"].fillna(df[\"totChol\"].mean(),inplace=True)\n",
      "/tmp/ipykernel_27733/333607023.py:9: FutureWarning: A value is trying to be set on a copy of a DataFrame or Series through chained assignment using an inplace method.\n",
      "The behavior will change in pandas 3.0. This inplace method will never work because the intermediate object on which we are setting values always behaves as a copy.\n",
      "\n",
      "For example, when doing 'df[col].method(value, inplace=True)', try using 'df.method({col: value}, inplace=True)' or df[col] = df[col].method(value) instead, to perform the operation inplace on the original object.\n",
      "\n",
      "\n",
      "  df[\"BMI\"].fillna(df[\"BMI\"].mean(),inplace=True)\n",
      "/tmp/ipykernel_27733/333607023.py:11: FutureWarning: A value is trying to be set on a copy of a DataFrame or Series through chained assignment using an inplace method.\n",
      "The behavior will change in pandas 3.0. This inplace method will never work because the intermediate object on which we are setting values always behaves as a copy.\n",
      "\n",
      "For example, when doing 'df[col].method(value, inplace=True)', try using 'df.method({col: value}, inplace=True)' or df[col] = df[col].method(value) instead, to perform the operation inplace on the original object.\n",
      "\n",
      "\n",
      "  df[\"heartRate\"].fillna(df[\"heartRate\"].mean(),inplace=True)\n",
      "/tmp/ipykernel_27733/333607023.py:13: FutureWarning: A value is trying to be set on a copy of a DataFrame or Series through chained assignment using an inplace method.\n",
      "The behavior will change in pandas 3.0. This inplace method will never work because the intermediate object on which we are setting values always behaves as a copy.\n",
      "\n",
      "For example, when doing 'df[col].method(value, inplace=True)', try using 'df.method({col: value}, inplace=True)' or df[col] = df[col].method(value) instead, to perform the operation inplace on the original object.\n",
      "\n",
      "\n",
      "  df[\"glucose\"].fillna(df[\"glucose\"].mean(),inplace=True)\n"
     ]
    }
   ],
   "source": [
    "df[\"education\"].fillna(df['education'].mode()[0],inplace=True)\n",
    "\n",
    "df['cigsPerDay'].fillna(df['cigsPerDay'].mean(),inplace=True)\n",
    "\n",
    "df[\"BPMeds\"].fillna(df['BPMeds'].mean(),inplace=True)\n",
    "\n",
    "df[\"totChol\"].fillna(df[\"totChol\"].mean(),inplace=True)\n",
    "\n",
    "df[\"BMI\"].fillna(df[\"BMI\"].mean(),inplace=True)\n",
    "\n",
    "df[\"heartRate\"].fillna(df[\"heartRate\"].mean(),inplace=True)\n",
    "\n",
    "df[\"glucose\"].fillna(df[\"glucose\"].mean(),inplace=True)\n"
   ]
  },
  {
   "cell_type": "code",
   "execution_count": 10,
   "id": "f687c714-d40d-4861-b06b-0b02ce8712f4",
   "metadata": {},
   "outputs": [
    {
     "data": {
      "text/plain": [
       "male               0\n",
       "age                0\n",
       "education          0\n",
       "currentSmoker      0\n",
       "cigsPerDay         0\n",
       "BPMeds             0\n",
       "prevalentStroke    0\n",
       "prevalentHyp       0\n",
       "diabetes           0\n",
       "totChol            0\n",
       "sysBP              0\n",
       "diaBP              0\n",
       "BMI                0\n",
       "heartRate          0\n",
       "glucose            0\n",
       "TenYearCHD         0\n",
       "dtype: int64"
      ]
     },
     "execution_count": 10,
     "metadata": {},
     "output_type": "execute_result"
    }
   ],
   "source": [
    "df.isna().sum()"
   ]
  },
  {
   "cell_type": "code",
   "execution_count": 11,
   "id": "6c19b4bf-a437-4fcc-9d8c-559b52a24f32",
   "metadata": {},
   "outputs": [
    {
     "data": {
      "text/html": [
       "<div>\n",
       "<style scoped>\n",
       "    .dataframe tbody tr th:only-of-type {\n",
       "        vertical-align: middle;\n",
       "    }\n",
       "\n",
       "    .dataframe tbody tr th {\n",
       "        vertical-align: top;\n",
       "    }\n",
       "\n",
       "    .dataframe thead th {\n",
       "        text-align: right;\n",
       "    }\n",
       "</style>\n",
       "<table border=\"1\" class=\"dataframe\">\n",
       "  <thead>\n",
       "    <tr style=\"text-align: right;\">\n",
       "      <th></th>\n",
       "      <th>male</th>\n",
       "      <th>age</th>\n",
       "      <th>education</th>\n",
       "      <th>currentSmoker</th>\n",
       "      <th>cigsPerDay</th>\n",
       "      <th>BPMeds</th>\n",
       "      <th>prevalentStroke</th>\n",
       "      <th>prevalentHyp</th>\n",
       "      <th>diabetes</th>\n",
       "      <th>totChol</th>\n",
       "      <th>sysBP</th>\n",
       "      <th>diaBP</th>\n",
       "      <th>BMI</th>\n",
       "      <th>heartRate</th>\n",
       "      <th>glucose</th>\n",
       "      <th>TenYearCHD</th>\n",
       "    </tr>\n",
       "  </thead>\n",
       "  <tbody>\n",
       "    <tr>\n",
       "      <th>male</th>\n",
       "      <td>1.000000</td>\n",
       "      <td>-0.029014</td>\n",
       "      <td>0.013361</td>\n",
       "      <td>0.197026</td>\n",
       "      <td>0.316023</td>\n",
       "      <td>-0.052203</td>\n",
       "      <td>-0.004550</td>\n",
       "      <td>0.005853</td>\n",
       "      <td>0.015693</td>\n",
       "      <td>-0.070064</td>\n",
       "      <td>-0.035879</td>\n",
       "      <td>0.058199</td>\n",
       "      <td>0.081705</td>\n",
       "      <td>-0.116913</td>\n",
       "      <td>0.005718</td>\n",
       "      <td>0.088374</td>\n",
       "    </tr>\n",
       "    <tr>\n",
       "      <th>age</th>\n",
       "      <td>-0.029014</td>\n",
       "      <td>1.000000</td>\n",
       "      <td>-0.165283</td>\n",
       "      <td>-0.213662</td>\n",
       "      <td>-0.192534</td>\n",
       "      <td>0.122036</td>\n",
       "      <td>0.057679</td>\n",
       "      <td>0.306799</td>\n",
       "      <td>0.101314</td>\n",
       "      <td>0.260691</td>\n",
       "      <td>0.394053</td>\n",
       "      <td>0.205586</td>\n",
       "      <td>0.135578</td>\n",
       "      <td>-0.012839</td>\n",
       "      <td>0.116951</td>\n",
       "      <td>0.225408</td>\n",
       "    </tr>\n",
       "    <tr>\n",
       "      <th>education</th>\n",
       "      <td>0.013361</td>\n",
       "      <td>-0.165283</td>\n",
       "      <td>1.000000</td>\n",
       "      <td>0.019399</td>\n",
       "      <td>0.010217</td>\n",
       "      <td>-0.010421</td>\n",
       "      <td>-0.032910</td>\n",
       "      <td>-0.078565</td>\n",
       "      <td>-0.038215</td>\n",
       "      <td>-0.024025</td>\n",
       "      <td>-0.126062</td>\n",
       "      <td>-0.062334</td>\n",
       "      <td>-0.139731</td>\n",
       "      <td>-0.049580</td>\n",
       "      <td>-0.034416</td>\n",
       "      <td>-0.053002</td>\n",
       "    </tr>\n",
       "    <tr>\n",
       "      <th>currentSmoker</th>\n",
       "      <td>0.197026</td>\n",
       "      <td>-0.213662</td>\n",
       "      <td>0.019399</td>\n",
       "      <td>1.000000</td>\n",
       "      <td>0.767055</td>\n",
       "      <td>-0.048621</td>\n",
       "      <td>-0.032980</td>\n",
       "      <td>-0.103710</td>\n",
       "      <td>-0.044285</td>\n",
       "      <td>-0.046211</td>\n",
       "      <td>-0.130281</td>\n",
       "      <td>-0.107933</td>\n",
       "      <td>-0.167483</td>\n",
       "      <td>0.062678</td>\n",
       "      <td>-0.054062</td>\n",
       "      <td>0.019448</td>\n",
       "    </tr>\n",
       "    <tr>\n",
       "      <th>cigsPerDay</th>\n",
       "      <td>0.316023</td>\n",
       "      <td>-0.192534</td>\n",
       "      <td>0.010217</td>\n",
       "      <td>0.767055</td>\n",
       "      <td>1.000000</td>\n",
       "      <td>-0.045847</td>\n",
       "      <td>-0.032711</td>\n",
       "      <td>-0.066444</td>\n",
       "      <td>-0.037086</td>\n",
       "      <td>-0.026182</td>\n",
       "      <td>-0.088523</td>\n",
       "      <td>-0.056473</td>\n",
       "      <td>-0.092888</td>\n",
       "      <td>0.075257</td>\n",
       "      <td>-0.056020</td>\n",
       "      <td>0.057646</td>\n",
       "    </tr>\n",
       "    <tr>\n",
       "      <th>BPMeds</th>\n",
       "      <td>-0.052203</td>\n",
       "      <td>0.122036</td>\n",
       "      <td>-0.010421</td>\n",
       "      <td>-0.048621</td>\n",
       "      <td>-0.045847</td>\n",
       "      <td>1.000000</td>\n",
       "      <td>0.115008</td>\n",
       "      <td>0.259125</td>\n",
       "      <td>0.051584</td>\n",
       "      <td>0.078973</td>\n",
       "      <td>0.252023</td>\n",
       "      <td>0.192387</td>\n",
       "      <td>0.099586</td>\n",
       "      <td>0.015172</td>\n",
       "      <td>0.048925</td>\n",
       "      <td>0.086805</td>\n",
       "    </tr>\n",
       "    <tr>\n",
       "      <th>prevalentStroke</th>\n",
       "      <td>-0.004550</td>\n",
       "      <td>0.057679</td>\n",
       "      <td>-0.032910</td>\n",
       "      <td>-0.032980</td>\n",
       "      <td>-0.032711</td>\n",
       "      <td>0.115008</td>\n",
       "      <td>1.000000</td>\n",
       "      <td>0.074791</td>\n",
       "      <td>0.006955</td>\n",
       "      <td>0.000105</td>\n",
       "      <td>0.057000</td>\n",
       "      <td>0.045153</td>\n",
       "      <td>0.024856</td>\n",
       "      <td>-0.017674</td>\n",
       "      <td>0.018065</td>\n",
       "      <td>0.061823</td>\n",
       "    </tr>\n",
       "    <tr>\n",
       "      <th>prevalentHyp</th>\n",
       "      <td>0.005853</td>\n",
       "      <td>0.306799</td>\n",
       "      <td>-0.078565</td>\n",
       "      <td>-0.103710</td>\n",
       "      <td>-0.066444</td>\n",
       "      <td>0.259125</td>\n",
       "      <td>0.074791</td>\n",
       "      <td>1.000000</td>\n",
       "      <td>0.077752</td>\n",
       "      <td>0.162683</td>\n",
       "      <td>0.696656</td>\n",
       "      <td>0.615840</td>\n",
       "      <td>0.300599</td>\n",
       "      <td>0.146777</td>\n",
       "      <td>0.082757</td>\n",
       "      <td>0.177458</td>\n",
       "    </tr>\n",
       "    <tr>\n",
       "      <th>diabetes</th>\n",
       "      <td>0.015693</td>\n",
       "      <td>0.101314</td>\n",
       "      <td>-0.038215</td>\n",
       "      <td>-0.044285</td>\n",
       "      <td>-0.037086</td>\n",
       "      <td>0.051584</td>\n",
       "      <td>0.006955</td>\n",
       "      <td>0.077752</td>\n",
       "      <td>1.000000</td>\n",
       "      <td>0.040161</td>\n",
       "      <td>0.111265</td>\n",
       "      <td>0.050260</td>\n",
       "      <td>0.086282</td>\n",
       "      <td>0.048986</td>\n",
       "      <td>0.605709</td>\n",
       "      <td>0.097344</td>\n",
       "    </tr>\n",
       "    <tr>\n",
       "      <th>totChol</th>\n",
       "      <td>-0.070064</td>\n",
       "      <td>0.260691</td>\n",
       "      <td>-0.024025</td>\n",
       "      <td>-0.046211</td>\n",
       "      <td>-0.026182</td>\n",
       "      <td>0.078973</td>\n",
       "      <td>0.000105</td>\n",
       "      <td>0.162683</td>\n",
       "      <td>0.040161</td>\n",
       "      <td>1.000000</td>\n",
       "      <td>0.207436</td>\n",
       "      <td>0.163423</td>\n",
       "      <td>0.115013</td>\n",
       "      <td>0.090678</td>\n",
       "      <td>0.044710</td>\n",
       "      <td>0.081807</td>\n",
       "    </tr>\n",
       "    <tr>\n",
       "      <th>sysBP</th>\n",
       "      <td>-0.035879</td>\n",
       "      <td>0.394053</td>\n",
       "      <td>-0.126062</td>\n",
       "      <td>-0.130281</td>\n",
       "      <td>-0.088523</td>\n",
       "      <td>0.252023</td>\n",
       "      <td>0.057000</td>\n",
       "      <td>0.696656</td>\n",
       "      <td>0.111265</td>\n",
       "      <td>0.207436</td>\n",
       "      <td>1.000000</td>\n",
       "      <td>0.783952</td>\n",
       "      <td>0.325172</td>\n",
       "      <td>0.182084</td>\n",
       "      <td>0.134561</td>\n",
       "      <td>0.216374</td>\n",
       "    </tr>\n",
       "    <tr>\n",
       "      <th>diaBP</th>\n",
       "      <td>0.058199</td>\n",
       "      <td>0.205586</td>\n",
       "      <td>-0.062334</td>\n",
       "      <td>-0.107933</td>\n",
       "      <td>-0.056473</td>\n",
       "      <td>0.192387</td>\n",
       "      <td>0.045153</td>\n",
       "      <td>0.615840</td>\n",
       "      <td>0.050260</td>\n",
       "      <td>0.163423</td>\n",
       "      <td>0.783952</td>\n",
       "      <td>1.000000</td>\n",
       "      <td>0.376317</td>\n",
       "      <td>0.181012</td>\n",
       "      <td>0.058499</td>\n",
       "      <td>0.145112</td>\n",
       "    </tr>\n",
       "    <tr>\n",
       "      <th>BMI</th>\n",
       "      <td>0.081705</td>\n",
       "      <td>0.135578</td>\n",
       "      <td>-0.139731</td>\n",
       "      <td>-0.167483</td>\n",
       "      <td>-0.092888</td>\n",
       "      <td>0.099586</td>\n",
       "      <td>0.024856</td>\n",
       "      <td>0.300599</td>\n",
       "      <td>0.086282</td>\n",
       "      <td>0.115013</td>\n",
       "      <td>0.325172</td>\n",
       "      <td>0.376317</td>\n",
       "      <td>1.000000</td>\n",
       "      <td>0.067318</td>\n",
       "      <td>0.082123</td>\n",
       "      <td>0.074788</td>\n",
       "    </tr>\n",
       "    <tr>\n",
       "      <th>heartRate</th>\n",
       "      <td>-0.116913</td>\n",
       "      <td>-0.012839</td>\n",
       "      <td>-0.049580</td>\n",
       "      <td>0.062678</td>\n",
       "      <td>0.075257</td>\n",
       "      <td>0.015172</td>\n",
       "      <td>-0.017674</td>\n",
       "      <td>0.146777</td>\n",
       "      <td>0.048986</td>\n",
       "      <td>0.090678</td>\n",
       "      <td>0.182084</td>\n",
       "      <td>0.181012</td>\n",
       "      <td>0.067318</td>\n",
       "      <td>1.000000</td>\n",
       "      <td>0.089386</td>\n",
       "      <td>0.022892</td>\n",
       "    </tr>\n",
       "    <tr>\n",
       "      <th>glucose</th>\n",
       "      <td>0.005718</td>\n",
       "      <td>0.116951</td>\n",
       "      <td>-0.034416</td>\n",
       "      <td>-0.054062</td>\n",
       "      <td>-0.056020</td>\n",
       "      <td>0.048925</td>\n",
       "      <td>0.018065</td>\n",
       "      <td>0.082757</td>\n",
       "      <td>0.605709</td>\n",
       "      <td>0.044710</td>\n",
       "      <td>0.134561</td>\n",
       "      <td>0.058499</td>\n",
       "      <td>0.082123</td>\n",
       "      <td>0.089386</td>\n",
       "      <td>1.000000</td>\n",
       "      <td>0.120451</td>\n",
       "    </tr>\n",
       "    <tr>\n",
       "      <th>TenYearCHD</th>\n",
       "      <td>0.088374</td>\n",
       "      <td>0.225408</td>\n",
       "      <td>-0.053002</td>\n",
       "      <td>0.019448</td>\n",
       "      <td>0.057646</td>\n",
       "      <td>0.086805</td>\n",
       "      <td>0.061823</td>\n",
       "      <td>0.177458</td>\n",
       "      <td>0.097344</td>\n",
       "      <td>0.081807</td>\n",
       "      <td>0.216374</td>\n",
       "      <td>0.145112</td>\n",
       "      <td>0.074788</td>\n",
       "      <td>0.022892</td>\n",
       "      <td>0.120451</td>\n",
       "      <td>1.000000</td>\n",
       "    </tr>\n",
       "  </tbody>\n",
       "</table>\n",
       "</div>"
      ],
      "text/plain": [
       "                     male       age  education  currentSmoker  cigsPerDay  \\\n",
       "male             1.000000 -0.029014   0.013361       0.197026    0.316023   \n",
       "age             -0.029014  1.000000  -0.165283      -0.213662   -0.192534   \n",
       "education        0.013361 -0.165283   1.000000       0.019399    0.010217   \n",
       "currentSmoker    0.197026 -0.213662   0.019399       1.000000    0.767055   \n",
       "cigsPerDay       0.316023 -0.192534   0.010217       0.767055    1.000000   \n",
       "BPMeds          -0.052203  0.122036  -0.010421      -0.048621   -0.045847   \n",
       "prevalentStroke -0.004550  0.057679  -0.032910      -0.032980   -0.032711   \n",
       "prevalentHyp     0.005853  0.306799  -0.078565      -0.103710   -0.066444   \n",
       "diabetes         0.015693  0.101314  -0.038215      -0.044285   -0.037086   \n",
       "totChol         -0.070064  0.260691  -0.024025      -0.046211   -0.026182   \n",
       "sysBP           -0.035879  0.394053  -0.126062      -0.130281   -0.088523   \n",
       "diaBP            0.058199  0.205586  -0.062334      -0.107933   -0.056473   \n",
       "BMI              0.081705  0.135578  -0.139731      -0.167483   -0.092888   \n",
       "heartRate       -0.116913 -0.012839  -0.049580       0.062678    0.075257   \n",
       "glucose          0.005718  0.116951  -0.034416      -0.054062   -0.056020   \n",
       "TenYearCHD       0.088374  0.225408  -0.053002       0.019448    0.057646   \n",
       "\n",
       "                   BPMeds  prevalentStroke  prevalentHyp  diabetes   totChol  \\\n",
       "male            -0.052203        -0.004550      0.005853  0.015693 -0.070064   \n",
       "age              0.122036         0.057679      0.306799  0.101314  0.260691   \n",
       "education       -0.010421        -0.032910     -0.078565 -0.038215 -0.024025   \n",
       "currentSmoker   -0.048621        -0.032980     -0.103710 -0.044285 -0.046211   \n",
       "cigsPerDay      -0.045847        -0.032711     -0.066444 -0.037086 -0.026182   \n",
       "BPMeds           1.000000         0.115008      0.259125  0.051584  0.078973   \n",
       "prevalentStroke  0.115008         1.000000      0.074791  0.006955  0.000105   \n",
       "prevalentHyp     0.259125         0.074791      1.000000  0.077752  0.162683   \n",
       "diabetes         0.051584         0.006955      0.077752  1.000000  0.040161   \n",
       "totChol          0.078973         0.000105      0.162683  0.040161  1.000000   \n",
       "sysBP            0.252023         0.057000      0.696656  0.111265  0.207436   \n",
       "diaBP            0.192387         0.045153      0.615840  0.050260  0.163423   \n",
       "BMI              0.099586         0.024856      0.300599  0.086282  0.115013   \n",
       "heartRate        0.015172        -0.017674      0.146777  0.048986  0.090678   \n",
       "glucose          0.048925         0.018065      0.082757  0.605709  0.044710   \n",
       "TenYearCHD       0.086805         0.061823      0.177458  0.097344  0.081807   \n",
       "\n",
       "                    sysBP     diaBP       BMI  heartRate   glucose  TenYearCHD  \n",
       "male            -0.035879  0.058199  0.081705  -0.116913  0.005718    0.088374  \n",
       "age              0.394053  0.205586  0.135578  -0.012839  0.116951    0.225408  \n",
       "education       -0.126062 -0.062334 -0.139731  -0.049580 -0.034416   -0.053002  \n",
       "currentSmoker   -0.130281 -0.107933 -0.167483   0.062678 -0.054062    0.019448  \n",
       "cigsPerDay      -0.088523 -0.056473 -0.092888   0.075257 -0.056020    0.057646  \n",
       "BPMeds           0.252023  0.192387  0.099586   0.015172  0.048925    0.086805  \n",
       "prevalentStroke  0.057000  0.045153  0.024856  -0.017674  0.018065    0.061823  \n",
       "prevalentHyp     0.696656  0.615840  0.300599   0.146777  0.082757    0.177458  \n",
       "diabetes         0.111265  0.050260  0.086282   0.048986  0.605709    0.097344  \n",
       "totChol          0.207436  0.163423  0.115013   0.090678  0.044710    0.081807  \n",
       "sysBP            1.000000  0.783952  0.325172   0.182084  0.134561    0.216374  \n",
       "diaBP            0.783952  1.000000  0.376317   0.181012  0.058499    0.145112  \n",
       "BMI              0.325172  0.376317  1.000000   0.067318  0.082123    0.074788  \n",
       "heartRate        0.182084  0.181012  0.067318   1.000000  0.089386    0.022892  \n",
       "glucose          0.134561  0.058499  0.082123   0.089386  1.000000    0.120451  \n",
       "TenYearCHD       0.216374  0.145112  0.074788   0.022892  0.120451    1.000000  "
      ]
     },
     "execution_count": 11,
     "metadata": {},
     "output_type": "execute_result"
    }
   ],
   "source": [
    "df.corr()"
   ]
  },
  {
   "cell_type": "code",
   "execution_count": 12,
   "id": "6e0347dd-f7c3-4c78-9dc5-647b8a684222",
